# Created by Octave 4.0.2, Tue Dec 13 16:47:40 2016 MST <rtlogic@saiph>
# name: traces_ch2
# type: matrix
# rows: 0
# columns: 0


